01682
02678
03687
04684
05669
06680
07670
08684
09684
10682
11685
12671
13690
14692
15669
16681
17693
18679
19671
20677
21681
22682
23694
24670
74015
74115
74220
74320
84399
94096
94200
94210
94220
94230
94240
94251
94260
94270
94280
94305

99095

84400
94096
94200
94210
94220
94230
94240
94251
94260
94270
94280
94305

99095

84401
94096
94200
94210
94220
94230
94240
94251
94260
94270
94280
94305

99095

84399
94096
94200
94210
94220
94230
94240
94251
94260
94270
94280
94305

99095

01682
02678
03687
04684
05669
06680
07670
08684
09684
10682
11685
12671
13690
14692
15669
16681
17693
18679
19671
20677
21681
22682
23694
24670
74015
74115
74220
74320
84401
94096
94200
94210
94220
94230
94240
94251
94260
94270
94280
94305

99095

84400
94096
94200
94210
94220
94230
94240
94251
94260
94270
94280
94305

99095

84401
94096
94200
94210
94220
94230
94240
94251
94260
94270
94280
94305

99095

01682
02678
03687
04684
05669
06680
07670
08684
09684
10681
11685
12671
13690
14692
15669
16681
17693
18679
19670
20677
21681
22682
23694
24670
74015
74115
74220
74320
84399
94096
94200
94210
94220
94230
94240
94251
94260
94270
94280
94305

99095

84400
94096
94200
94210
94220
94230
94240
94251
94260
94270
94280
94305

99095

84400
94096
94200
94210
94220
94230
94240
94251
94260
94270
94280
94305

99095

84400
94096
94200
94210
94220
94230
94240
94251
94260
94270
94280
94305

99095

01682
02678
03687
04685
05669
06680
07670
08684
09684
10682
11685
12671
13690
14692
15669
16681
17693
18679
19671
20677
21681
22682
23693
24670
74015
74115
74220
74320
84400
94096
94200
94210
94220
94230
94240
94251
94260
94270
94280
94305

99095

84400
94096
94200
94210
94220
94230
94240
94251
94260
94270
94280
94305

99095

84400
94096
94200
94210
94220
94230
94240
94251
94260
94270
94280
94305

99095

01682
02678
03687
04684
05669
06680
07670
08684
09684
10681
11685
12671
13690
14692
15669
16681
17693
18679
19671
20677
21681
22682
23694
24669
74015
74115
74220
74320
84401
94096
94200
94210
94220
94230
94240
94251
94260
94270
94280
94305

99095

84400
94096
94200
94210
94220
94230
94240
94251
94260
94270
94280
94305

99095

84400
94096
94200
94210
94220
94230
94240
94251
94260
94270
94280
94305

99095

84400
94096
94200
94210
94220
94230
94240
94251
94260
94270
94280
94305

99095

01682
02678
03687
04684
05669
06680
07670
08684
09684
10681
11685
12671
13690
14692
15669
16681
17693
18679
19671
20677
21681
22682
23694
24670
74015
74115
74220
74320
84400
94096
94200
94210
94220
94230
94240
94251
94260
94270
94280
94305

99095

84398
94096
94200
94210
94220
94230
94240
94251
94260
94270
94280
94305

99095

84400
94096
94200
94210
94220
94230
94240
94251
94260
94270
94280
94305

99095

01682
02678
03687
04684
05669
06680
07670
08684
09684
10681
11685
12671
13690
14692
15669
16681
17693
18679
19670
20677
21681
22682
23694
24670
74015
74115
74220
74320
84400
94096
94200
94210
94220
94230
94240
94251
94260
94270
94280
94305

99095

84400
94096
94200
94210
94220
94230
94240
94251
94260
94270
94280
94305

99095

84401
94096
94200
94210
94220
94230
94240
94251
94260
94270
94280
94305

99095

84401
94096
94200
94210
94220
94230
94240
94251
94260
94270
94280
94305

99095

01682
02678
03687
04684
05669
06680
07670
08684
09684
10681
11685
12671
13690
14692
15669
16681
17693
18679
19670
20677
21681
22682
23694
24670
74015
74115
74220
74320
84400
94096
94200
94210
94220
94230
94240
94251
94260
94270
94280
94305

99095

84400
94096
94200
94210
94220
94230
94240
94251
94260
94270
94280
94305

99095

84400
94096
94200
94210
94220
94230
94240
94251
94260
94270
94280
94305

99095

01682
02678
03687
04684
05669
06680
07670
08684
09684
10682
11685
12671
13690
14692
15669
16681
17693
18679
19670
20677
21681
22682
23694
24669
74015
74115
74220
74320
84400
94096
94200
94210
94220
94230
94240
94251
94260
94270
94280
94305

99095

84399
94096
94200
94210
94220
94230
94240
94251
94260
94270
94280
94305

99095

84401
94096
94200
94210
94220
94230
94240
94251
94260
94270
94280
94305

99095

84400
94096
94200
94210
94220
94230
94240
94251
94260
94270
94280
94305

99095

01682
02678
03687
04685
05669
06680
07669
08684
09684
10681
11684
12671
13690
14692
15669
16681
17693
18679
19671
20677
21681
22682
23694
24669
74015
74115
74220
74320
84400
94096
94200
94210
94220
94230
94240
94251
94260
94270
94280
94305

99095

84400
94096
94200
94210
94220
94230
94240
94251
94260
94270
94280
94305

99095

84400
94096
94200
94210
94220
94230
94240
94251
94260
94270
94280
94305

99095

01682
02678
03687
04684
05669
06680
07669
08684
09684
10682
11685
12671
13690
14692
15669
16681
17693
18679
19671
20677
21681
22682
23694
24670
74015
74115
74220
74320
84400
94096
94200
94210
94220
94230
94240
94251
94260
94270
94280
94305

99095

84400
94096
94200
94210
94220
94230
94240
94251
94260
94270
94280
94305

99095

84400
94096
94200
94210
94220
94230
94240
94251
94260
94270
94280
94305

99095

84400
94096
94200
94210
94220
94230
94240
94251
94260
94270
94280
94305

99095

01682
02678
03686
04685
05669
06680
07670
08684
09684
10681
11685
12671
13690
14692
15669
16681
17693
18679
19671
20677
21681
22682
23694
24669
74015
74115
74220
74320
84401
94096
94200
94210
94220
94230
94240
94251
94260
94270
94280
94305

99095

84400
94096
94200
94210
94220
94230
94240
94251
94260
94270
94280
94305

99095

84400
94096
94200
94210
94220
94230
94240
94251
94260
94270
94280
94305

99095

01682
02678
03686
04684
05669
06680
07670
08684
09684
10681
11685
12671
13690
14692
15669
16681
17693
18679
19671
20677
21681
22682
23694
24669
74015
74115
74220
74320
84400
94096
94200
94210
94220
94230
94240
94251
94260
94270
94280
94305

99095

84400
94096
94200
94210
94220
94230
94240
94251
94260
94270
94280
94305

99095

84400
94096
94200
94210
94220
94230
94240
94251
94260
94270
94280
94305

99095

84400
94096
94200
94210
94220
94230
94240
94251
94260
94270
94280
94305

99095

01682
02678
03687
04684
05669
06680
07670
08684
09684
10681
11685
12671
13690
14692
15669
16681
17693
18679
19671
20677
21681
22682
23694
24669
74015
74115
74220
74320
84400
94096
94200
94210
94220
94230
94240
94251
94260
94270
94280
94305

99095

84400
94096
94200
94210
94220
94230
94240
94251
94260
94270
94280
94305

99095

84400
94096
94200
94210
94220
94230
94240
94251
94260
94270
94280
94305

99095

01682
02678
03687
04685
05669
06680
07670
08684
09684
10682
11685
12671
13690
14692
15669
16681
17693
18679
19671
20677
21681
22682
23694
24669
74015
74115
74220
74320
84400
94096
94200
94210
94220
94230
94240
94251
94260
94270
94280
94305

99095

84400
94096
94200
94210
94220
94230
94240
94251
94260
94270
94280
94305

99095

84400
94096
94200
94210
94220
94230
94240
94251
94260
94270
94280
94305

99095

84400
94096
94200
94210
94220
94230
94240
94251
94260
94270
94280
94305

99095

01682
02678
03687
04684
05669
06680
07670
08684
09684
10682
11685
12671
13690
14692
15669
16681
17693
18679
19670
20677
21681
22682
23694
24669
74015
74115
74220
74320
84399
94096
94200
94210
94220
94230
94240
94251
94260
94270
94280
94305

99095

84399
94096
94200
94210
94220
94230
94240
94251
94260
94270
94280
94305

99095

84400
94096
94200
94210
94220
94230
94240
94251
94260
94270
94280
94305

99095

01682
02678
03686
04684
05669
06680
07670
08684
09684
10681
11685
12671
13690
14692
15669
16681
17693
18679
19670
20677
21681
22682
23694
24669
74015
74115
74220
74320
84399
94096
94200
94210
94220
94230
94240
94251
94260
94270
94280
94305

99095

84400
94096
94200
94210
94220
94230
94240
94251
94260
94270
94280
94305

99095

84400
94096
94200
94210
94220
94230
94240
94251
94260
94270
94280
94305

99095

84401
94096
94200
94210
94220
94230
94240
94251
94260
94270
94280
94305

99095

01682
02678
03686
04684
05668
06679
07669
08684
09684
10681
11684
12671
13690
14691
15669
16681
17692
18678
19670
20676
21681
22682
23693
24669
74015
74115
74220
74320
84413
94096
94200
94210
94220
94230
94240
94251
94260
94270
94280
94305

99095

84428
94096
94200
94210
94220
94230
94240
94251
94260
94270
94280
94305

99095

84435
94096
94200
94210
94220
94230
94240
94251
94260
94270
94280
94305

99095

01676
02672
03680
04678
05663
06673
07664
08678
09678
10675
11675
12666
13684
14685
15664
16674
17686
18668
19665
20670
21675
22676
23685
24663
74015
74115
74220
74320
84438
94096
94200
94210
94220
94230
94240
94251
94260
94270
94280
94305

99095

84422
94096
94200
94210
94220
94230
94240
94251
94260
94270
94280
94305

99095

84403
94096
94200
94210
94220
94230
94240
94251
94260
94270
94280
94305

99095

84392
94096
94200
94210
94220
94230
94240
94251
94260
94270
94280
94305

99095

01682
02678
03686
04684
05669
06680
07670
08684
09684
10681
11685
12672
13690
14692
15670
16681
17692
18680
19671
20678
21681
22682
23693
24670
74015
74115
74220
74320
84403
94096
94200
94210
94220
94230
94240
94251
94260
94270
94280
94305

99095

84405
94096
94200
94210
94220
94230
94240
94251
94260
94270
94280
94305

99095

84405
94096
94200
94210
94220
94230
94240
94251
94260
94270
94280
94305

99095

01681
02677
03685
04683
05668
06679
07669
08683
09683
10681
11683
12670
13688
14690
15669
16680
17691
18678
19670
20676
21680
22681
23692
24669
74015
74115
74220
74320
84404
94096
94200
94210
94220
94230
94240
94251
94260
94270
94280
94305

99095

84403
94096
94200
94210
94220
94230
94240
94251
94260
94270
94280
94305

99095

84403
94096
94200
94210
94220
94230
94240
94251
94260
94270
94280
94305

99095

84404
94096
94200
94210
94220
94230
94240
94251
94260
94270
94280
94305

99095

01681
02678
03685
04683
05668
06679
07669
08683
09683
10681
11683
12670
13688
14691
15669
16680
17691
18678
19670
20676
21680
22681
23692
24669
74015
74115
74220
74325
84402
94096
94200
94210
94220
94230
94240
94251
94260
94270
94280
94305

99095

84404
94096
94200
94210
94220
94230
94240
94251
94260
94270
94280
94305

99095

84404
94096
94200
94210
94220
94230
94240
94251
94260
94270
94280
94305

99095

01681
02678
03685
04683
05668
06679
07669
08683
09683
10681
11683
12671
74015
74115
74220
74325
84403
94096
94200
94210
94220
94230
94240
94251
94260
94270
94280
94305

99095

84403
94096
94200
94210
94220
94230
94240
94251
94260
94270
94280
94305

99095

84403
94096
94200
94210
94220
94230
94240
94251
94260
94270
94280
94305

99095

84403
94096
94200
94210
94220
94230
94240
94251
94260
94270
94280
94305

99095

01681
02678
03685
04683
05668
06679
07669
08683
09683
10681
11683
12671
13688
14690
15669
16680
17691
18678
19670
20676
21681
22681
23692
24669
74015
74115
74220
74320
84402
94096
94200
94210
94220
94230
94240
94251
94260
94270
94280
94305

99095

84404
94096
94200
94210
94220
94230
94240
94251
94260
94270
94280
94305

99095

84401
94096
94200
94210
94220
94230
94240
94251
94260
94270
94280
94305

99095

84402
94096
94200
94210
94220
94230
94240
94251
94260
94270
94280
94305

99095

01682
02678
03685
04684
05669
06679
07669
08683
09683
10681
11684
12671
13689
14691
15669
16680
17691
18678
19670
20677
21681
22682
23692
24669
74015
74115
74220
74325
84401
94096
94200
94210
94220
94230
94240
94251
94260
94270
94280
94305

99095

84402
94096
94200
94210
94220
94230
94240
94251
94260
94270
94280
94305

99095

84400
94096
94200
94210
94220
94230
94240
94251
94260
94270
94280
94305

99095

01682
02678
03686
04684
05668
06680
07669
08683
09684
10681
11684
12671
13689
14691
15669
16681
17691
18679
19670
20677
21681
22682
23693
24669
74015
74115
74220
74325
84402
94096
94200
94210
94220
94230
94240
94251
94260
94270
94280
94305

99095

84400
94096
94200
94210
94220
94230
94240
94251
94260
94270
94280
94305

99095

84401
94096
94200
94210
94220
94230
94240
94251
94260
94270
94280
94305

99095

84401
94096
94200
94210
94220
94230
94240
94251
94260
94270
94280
94305

99095

01682
02678
03686
04684
05669
06680
07669
08683
09684
10681
11684
12671
13689
14691
15669
16681
17692
18679
19670
20677
21681
22682
23693
24669
74015
74115
74220
74325
84400
94096
94200
94210
94220
94230
94240
94251
94260
94270
94280
94305

99095

84401
94096
94200
94210
94220
94230
94240
94251
94260
94270
94280
94305

99095

84400
94096
94200
94210
94220
94230
94240
94251
94260
94270
94280
94305

99095

01682
02678
03686
04684
05669
06680
07669
08683
09684
10681
11684
12671
13689
14691
15669
16681
17692
18679
19670
20677
21681
22682
23693
24669
74015
74115
74220
74320
84400
94096
94200
94210
94220
94230
94240
94251
94260
94270
94280
94305

99095

84400
94096
94200
94210
94220
94230
94240
94251
94260
94270
94280
94305

99095

84401
94096
94200
94210
94220
94230
94240
94251
94260
94270
94280
94305

99095

84400
94096
94200
94210
94220
94230
94240
94251
94260
94270
94280
94305

99095

01682
02678
03686
04684
05669
06680
07669
08683
09684
10681
11684
12671
13689
14691
15669
16681
17692
18678
19670
20677
21681
22682
23693
24669
74015
74115
74220
74320
84407
94096
94200
94210
94220
94230
94240
94251
94260
94270
94280
94305

99095

84404
94096
94200
94210
94220
94230
94240
94251
94260
94270
94280
94305

99095

84405
94096
94200
94210
94220
94230
94240
94251
94260
94270
94280
94305

99095

01681
02677
03685
04683
05668
06679
07669
08683
09683
10680
11683
12670
13689
14690
15669
16680
17691
18678
19669
20676
21680
22681
23692
24669
74015
74115
74220
74320
84403
94096
94200
94210
94220
94230
94240
94251
94260
94270
94280
94305

99095

84403
94096
94200
94210
94220
94230
94240
94251
94260
94270
94280
94305

99095

84404
94096
94200
94210
94220
94230
94240
94251
94260
94270
94280
94305

99095

84403
94096
94200
94210
94220
94230
94240
94251
94260
94270
94280
94305

99095

01681
02678
03685
04683
05668
06679
07669
08683
09683
10681
11684
12670
13689
14691
15669
16680
17691
18678
19670
20676
21680
22681
23692
24669
74015
74115
74220
74325
84403
94096
94200
94210
94220
94230
94240
94251
94260
94270
94280
94305

99095

84403
94096
94200
94210
94220
94230
94240
94251
94260
94270
94280
94305

99095

84404
94096
94200
94210
94220
94230
94240
94251
94260
94270
94280
94305

99095

01681
02678
03685
04683
05668
06679
07669
08683
09683
10681
11684
12670
13689
14691
15669
16680
17691
18677
19670
20676
21680
22681
23692
24669
74015
74115
74220
74325
84404
94096
94200
94210
94220
94230
94240
94251
94260
94270
94280
94305

99095

84408
94096
94200
94210
94220
94230
94240
94251
94260
94270
94280
94305

99095

84405
94096
94200
94210
94220
94230
94240
94251
94260
94270
94280
94305

99095

84403
94096
94200
94210
94220
94230
94240
94251
94260
94270
94280
94305

99095

01681
02677
03685
04683
05668
06679
07669
08683
09683
10681
11683
12670
13688
14690
15669
16680
17691
18678
19670
20676
21680
22681
23692
24669
74015
74115
74220
74320
84402
94096
94200
94210
94220
94230
94240
94251
94260
94270
94280
94305

99095

84403
94096
94200
94210
94220
94230
94240
94251
94260
94270
94280
94305

99095

84403
94096
94200
94210
94220
94230
94240
94251
94260
94270
94280
94305

99095

01681
02678
03685
04683
05668
06679
07669
08683
09683
10681
11683
12670
13688
14690
15669
16680
17691
18678
19670
20676
21680
22681
23692
24669
74015
74115
74220
74320
84403
94096
94200
94210
94220
94230
94240
94251
94260
94270
94280
94305

99095

84403
94096
94200
94210
94220
94230
94240
94251
94260
94270
94280
94305

99095

84403
94096
94200
94210
94220
94230
94240
94251
94260
94270
94280
94305

99095

84403
94096
94200
94210
94220
94230
94240
94251
94260
94270
94280
94305

99095

01681
02677
03685
04683
05668
06679
07669
08683
09683
10681
11683
12670
13688
14690
15669
16680
17691
18678
19670
20676
21680
22681
23692
24669
74015
74115
74220
74320
84403
94096
94200
94210
94220
94230
94240
94251
94260
94270
94280
94305

99095

84402
94096
94200
94210
94220
94230
94240
94251
94260
94270
94280
94305

99095

84403
94096
94200
94210
94220
94230
94240
94251
94260
94270
94280
94305

99095

01681
02677
03685
04683
05668
06679
07669
08683
09683
10681
11683
12670
13688
14690
15669
16680
17691
18678
19670
20676
21680
22681
23692
24669
74015
74115
74220
74320
84403
94096
94200
94210
94220
94230
94240
94251
94260
94270
94280
94305

99095

84404
94096
94200
94210
94220
94230
94240
94251
94260
94270
94280
94305

99095

84403
94096
94200
94210
94220
94230
94240
94251
94260
94270
94280
94305

99095

84404
94096
94200
94210
94220
94230
94240
94251
94260
94270
94280
94305

99095

01681
02677
03685
04683
05668
06679
07669
08683
09683
10680
11683
12671
13688
14691
15669
16680
17691
18678
19670
20676
21680
22681
23692
24669
74015
74115
74220
74320
84407
94096
94200
94210
94220
94230
94240
94251
94260
94270
94280
94305

99095

84410
94096
94200
94210
94220
94230
94240
94251
94260
94270
94280
94305

99095

84407
94096
94200
94210
94220
94230
94240
94251
94260
94270
94280
94305

99095

01681
02677
03685
04683
05668
06679
07669
08683
09683
10680
11683
12670
13688
14690
15669
16680
17691
18678
19670
20676
21680
22681
23692
24669
74015
74115
74220
74320
84402
94096
94200
94210
94220
94230
94240
94251
94260
94270
94280
94305

99095

84404
94096
94200
94210
94220
94230
94240
94251
94260
94270
94280
94305

99095

84403
94096
94200
94210
94220
94230
94240
94251
94260
94270
94280
94305

99095

84402
94096
94200
94210
94220
94230
94240
94251
94260
94270
94280
94305

99095

01681
02677
03685
04683
05668
06679
07669
08683
09683
10681
11683
12670
74015
74115
74220
74320
84403
94096
94200
94210
94220
94230
94240
94251
94260
94270
94280
94305

99095

84403
94096
94200
94210
94220
94230
94240
94251
94260
94270
94280
94305

99095

84402
94096
94200
94210
94220
94230
94240
94251
94260
94270
94280
94305

99095

84403
94096
94200
94210
94220
94230
94240
94251
94260
94270
94280
94305

99095

01681
02677
03685
04683
05668
06679
07669
08683
09683
10681
11683
12670
13688
14690
15669
16680
17691
18678
19669
20676
21680
22681
23692
24669
74015
74115
74220
74320
84404
94096
94200
94210
94220
94230
94240
94251
94260
94270
94280
94305

99095

84402
94096
94200
94210
94220
94230
94240
94251
94260
94270
94280
94305

99095

84402
94096
94200
94210
94220
94230
94240
94251
94260
94270
94280
94305

99095

84404
94096
94200
94210
94220
94230
94240
94251
94260
94270
94280
94305

99095

01681
02677
03685
04683
05668
06679
07669
08683
09683
10681
11683
12670
13688
14690
15669
16680
17691
18678
19669
20676
21680
22681
23692
24669
74015
74115
74220
74320
84403
94096
94200
94210
94220
94230
94240
94251
94260
94270
94280
94305

99095

84404
94096
94200
94210
94220
94230
94240
94251
94260
94270
94280
94305

99095

84402
94096
94200
94210
94220
94230
94240
94251
94260
94270
94280
94305

99095

01681
02677
03685
04683
05668
06679
07669
08683
09683
10681
11683
12670
13688
14690
15669
16680
17691
18677
19670
20676
21680
22681
23692
24669
74015
74115
74220
74320
84401
94096
94200
94210
94220
94230
94240
94251
94260
94270
94280
94305

99095

84401
94096
94200
94210
94220
94230
94240
94251
94260
94270
94280
94305

99095

84402
94096
94200
94210
94220
94230
94240
94251
94260
94270
94280
94305

99095

84399
94096
94200
94210
94220
94230
94240
94251
94260
94270
94280
94305

99095

01681
02678
03685
04683
05669
06679
07669
08683
09683
10681
11684
12671
13688
14691
15669
16680
17691
18678
19670
20677
21681
22681
23692
24669
74015
74115
74220
74325
84400
94096
94200
94210
94220
94230
94240
94251
94260
94270
94280
94305

99095

84400
94096
94200
94210
94220
94230
94240
94251
94260
94270
94280
94305

99095

84400
94096
94200
94210
94220
94230
94240
94251
94260
94270
94280
94305

99095

01681
02678
03686
04684
05669
06679
07669
08683
09683
10681
11684
12671
13688
14691
15669
16680
17691
18678
19670
20677
21681
22681
23692
24669
74015
74115
74220
74325
84400
94096
94200
94210
94220
94230
94240
94251
94260
94270
94280
94305

99095

84400
94096
94200
94210
94220
94230
94240
94251
94260
94270
94280
94305

99095

84401
94096
94200
94210
94220
94230
94240
94251
94260
94270
94280
94305

99095

84400
94096
94200
94210
94220
94230
94240
94251
94260
94270
94280
94305

99095

01681
02678
03686
04684
05669
06679
07669
08683
09683
10681
11684
12671
13688
14691
15669
16680
17691
18678
19670
20677
21681
22681
23692
24669
74015
74115
74220
74325
84401
94096
94200
94210
94220
94230
94240
94251
94260
94270
94280
94305

99095

84400
94096
94200
94210
94220
94230
94240
94251
94260
94270
94280
94305

99095

84401
94096
94200
94210
94220
94230
94240
94251
94260
94270
94280
94305

99095

01681
02678
03685
04683
05668
06679
07669
08683
09683
10681
11684
12671
13689
14691
15669
16680
17691
18678
19670
20677
21681
22681
23692
24669
74015
74115
74220
74325
84400
94096
94200
94210
94220
94230
94240
94251
94260
94270
94280
94305

99095

84400
94096
94200
94210
94220
94230
94240
94251
94260
94270
94280
94305

99095

84400
94096
94200
94210
94220
94230
94240
94251
94260
94270
94280
94305

99095

84400
94096
94200
94210
94220
94230
94240
94251
94260
94270
94280
94305

99095

01681
02678
03686
04684
05669
06679
07669
08683
09683
10681
11684
12671
13689
14691
15669
16680
17691
18678
19670
20677
21681
22681
23692
24669
74015
74115
74220
74325
84400
94096
94200
94210
94220
94230
94240
94251
94260
94270
94280
94305

99095

84399
94096
94200
94210
94220
94230
94240
94251
94260
94270
94280
94305

99095

84400
94096
94200
94210
94220
94230
94240
94251
94260
94270
94280
94305

99095

01681
02678
03686
04684
05669
06679
07669
08683
09683
10681
11684
12671
13689
14691
15669
16680
17691
18678
19670
20677
21681
22682
23692
24669
74015
74115
74220
74325
84401
94096
94200
94210
94220
94230
94240
94251
94260
94270
94280
94305

99095

84400
94096
94200
94210
94220
94230
94240
94251
94260
94270
94280
94305

99095

84400
94096
94200
94210
94220
94230
94240
94251
94260
94270
94280
94305

99095

84399
94096
94200
94210
94220
94230
94240
94251
94260
94270
94280
94305

99095

01681
02678
03686
04684
05669
06679
07669
08683
09683
10681
11684
12671
13689
14691
15669
16680
17691
18678
19670
20676
21681
22682
23693
24669
74015
74115
74220
74325
84400
94096
94200
94210
94220
94230
94240
94251
94260
94270
94280
94305

99095

84401
94096
94200
94210
94220
94230
94240
94251
94260
94270
94280
94305

99095

84400
94096
94200
94210
94220
94230
94240
94251
94260
94270
94280
94305

99095

01682
02678
03686
04684
05669
06680
07669
08683
09683
10681
11684
12671
13689
14691
15669
16681
17691
18678
19670
20677
21681
22682
23693
24669
74015
74115
74220
74325
84400
94096
94200
94210
94220
94230
94240
94251
94260
94270
94280
94305

99095

84400
94096
94200
94210
94220
94230
94240
94251
94260
94270
94280
94305

99095

84400
94096
94200
94210
94220
94230
94240
94251
94260
94270
94280
94305

99095

84400
94096
94200
94210
94220
94230
94240
94251
94260
94270
94280
94305

99095

01681
02678
03686
04684
05669
06679
07669
08683
09684
10681
11684
12671
13689
14691
15669
16680
17691
18678
19670
20677
21681
22681
23693
24669
74015
74115
74220
74325
84400
94096
94200
94210
94220
94230
94240
94251
94260
94270
94280
94305

99095

84400
94096
94200
94210
94220
94230
94240
94251
94260
94270
94280
94305

99095

84400
94096
94200
94210
94220
94230
94240
94251
94260
94270
94280
94305

99095

01681
02678
03686
04684
05668
06679
07669
08683
09684
10681
11684
12671
13688
14691
15669
16681
17691
18678
19670
20677
21681
22682
23693
24669
74015
74115
74220
74325
84400
94096
94200
94210
94220
94230
94240
94251
94260
94270
94280
94305

99095

84400
94096
94200
94210
94220
94230
94240
94251
94260
94270
94280
94305

99095

84400
94096
94200
94210
94220
94230
94240
94251
94260
94270
94280
94305

99095

84400
94096
94200
94210
94220
94230
94240
94251
94260
94270
94280
94305

99095

01682
02678
03686
04684
05669
06679
07669
08683
09683
10681
11684
12671
13689
14691
15669
16681
17691
18678
19670
20677
21681
22682
23693
24669
74015
74115
74220
74325
84400
94096
94200
94210
94220
94230
94240
94251
94260
94270
94280
94305

99095

84401
94096
94200
94210
94220
94230
94240
94251
94260
94270
94280
94305

99095

84403
94096
94200
94210
94220
94230
94240
94251
94260
94270
94280
94305

99095

01681
02677
03685
04683
05668
06679
07669
08682
09683
10680
11683
12670
13688
14690
15669
16680
17691
18677
19669
20676
21680
22681
23692
24669
74015
74115
74220
74320
84419
94096
94200
94210
94220
94230
94240
94251
94260
94270
94280
94305

99095

84435
94096
94200
94210
94220
94230
94240
94251
94260
94270
94280
94305

99095

84454
94096
94200
94210
94220
94230
94240
94251
94260
94270
94280
94305

99095

84477
94096
94200
94210
94220
94230
94240
94251
94260
94270
94280
94305

99095

01669
02665
03673
04671
05657
06665
07658
08671
09671
10669
11665
12660
74015
74115
74220
74320
84453
94096
94200
94210
94220
94230
94240
94251
94260
94270
94280
94305

99095

84424
94096
94200
94210
94220
94230
94240
94251
94260
94270
94280
94305

99095

84405
94096
94200
94210
94220
94230
94240
94251
94260
94270
94280
94305

99095

84398
94096
94200
94210
94220
94230
94240
94251
94260
94270
94280
94305

99095

01680
02676
03684
04682
05668
06678
07669
08681
09681
10679
11682
12670
13687
14689
15668
16679
17689
18677
19669
20675
21679
22680
23690
24669
74015
74115
74220
74320
84403
94096
94200
94210
94220
94230
94240
94251
94260
94270
94280
94305

99095

84403
94096
94200
94210
94220
94230
94240
94251
94260
94270
94280
94305

99095

84403
94096
94200
94210
94220
94230
94240
94251
94260
94270
94280
94305

99095

84403
94096
94200
94210
94220
94230
94240
94251
94260
94270
94280
94305

99095

01680
02677
03684
04682
05668
06678
07669
08682
09681
10679
11682
12670
74015
74115
74220
74320
84403
94096
94200
94210
94220
94230
94240
94251
94260
94270
94280
94305

99095

84403
94096
94200
94210
94220
94230
94240
94251
94260
94270
94280
94305

99095

84404
94096
94200
94210
94220
94230
94240
94251
94260
94270
94280
94305

99095

84403
94096
94200
94210
94220
94230
94240
94251
94260
94270
94280
94305

99095

01680
02677
03684
04682
05668
06678
07669
08682
09682
10680
11682
12670
13687
14689
15668
16679
17690
18677
19669
20675
21679
22680
23690
24668
74015
74115
74220
74320
84403
94096
94200
94210
94220
94230
94240
94251
94260
94270
94280
94305

99095

84403
94096
94200
94210
94220
94230
94240
94251
94260
94270
94280
94305

99095

84403
94096
94200
94210
94220
94230
94240
94251
94260
94270
94280
94305

99095

01680
02677
03684
04682
05668
06678
07669
08682
09682
10680
11682
12670
13687
14689
15669
16679
17690
18677
19669
20675
21679
22680
23690
24669
74015
74115
74220
74320
84403
94096
94200
94210
94220
94230
94240
94251
94260
94270
94280
94305

99095

84403
94096
94200
94210
94220
94230
94240
94251
94260
94270
94280
94305

99095

84403
94096
94200
94210
94220
94230
94240
94251
94260
94270
94280
94305

99095

84403
94096
94200
94210
94220
94230
94240
94251
94260
94270
94280
94305

99095

01680
02677
03684
04682
05668
06678
07669
08682
09682
10680
11682
12670
13687
14689
15668
16679
17690
18677
19669
20675
21679
22681
23690
24668
74015
74115
74220
74320
84402
94086
94200
94210
94220
94230
94240
94251
94260
94270
94280
94305

99095

84401
94086
94200
94210
94220
94230
94240
94251
94260
94270
94280
94305

99095

84401
94086
94200
94210
94220
94230
94240
94251
94260
94270
94280
94305

99095

01681
02677
03684
04682
05668
06678
07669
08682
09682
10680
11683
12670
13687
14690
15669
16679
17690
18678
19669
20676
21680
22681
23691
24669
74015
74115
74220
74320
84401
94086
94200
94210
94220
94230
94240
94251
94260
94270
94280
94305

99095

84400
94086
94200
94210
94220
94230
94240
94251
94260
94270
94280
94305

99095

84400
94086
94200
94210
94220
94230
94240
94251
94260
94270
94280
94305

99095

84400
94086
94200
94210
94220
94230
94240
94251
94260
94270
94280
94305

99095

01681
02677
03685
04683
05668
06678
07669
08682
09682
10680
11683
12670
13687
14690
15669
16680
17690
18678
19670
20676
21680
22681
23691
24669
74015
74115
74220
74320
84401
94086
94200
94210
94220
94230
94240
94251
94260
94270
94280
94305

99095

84400
94086
94200
94210
94220
94230
94240
94251
94260
94270
94280
94305

99095

84400
94086
94200
94210
94220
94230
94240
94251
94260
94270
94280
94305

99095

01681
02677
03685
04683
05668
06679
07669
08682
09682
10680
11683
12670
13687
14690
15669
16680
17690
18678
19669
20676
21680
22681
23691
24669
74015
74115
74220
74320
84400
94086
94200
94210
94220
94230
94240
94251
94260
94270
94280
94305

99095

84399
94086
94200
94210
94220
94230
94240
94251
94260
94270
94280
94305

99095

84401
94086
94200
94210
94220
94230
94240
94251
94260
94270
94280
94305

99095

84400
94086
94200
94210
94220
94230
94240
94251
94260
94270
94280
94305

99095

01681
02677
03685
04682
05668
06679
07669
08682
09682
10680
11683
12670
13687
14690
15669
16680
17690
18678
19670
20676
21680
22681
23691
24669
74015
74115
74220
74320
84400
94086
94200
94210
94220
94230
94240
94251
94260
94270
94280
94305

99095

84400
94086
94200
94210
94220
94230
94240
94251
94260
94270
94280
94305

99095

84400
94086
94200
94210
94220
94230
94240
94251
94260
94270
94280
94305

99095

01681
02677
03685
04683
05668
06679
07669
08682
09683
10680
11683
12670
13687
14690
15669
16680
17690
18678
19670
20676
21680
22681
23691
24669
74015
74115
74220
74320
84400
94086
94200
94210
94220
94230
94240
94251
94260
94270
94280
94305

99095

84400
94086
94200
94210
94220
94230
94240
94251
94260
94270
94280
94305

99095

84401
94086
94200
94210
94220
94230
94240
94251
94260
94270
94280
94305

99095

84401
94086
94200
94210
94220
94230
94240
94251
94260
94270
94280
94305

99095

01681
02677
03685
04683
05668
06679
07669
08682
09682
10680
11683
12670
13687
14690
15669
16680
17690
18678
19670
20676
21680
22681
23691
24669
74015
74115
74220
74320
84398
94086
94200
94210
94220
94230
94240
94251
94260
94270
94280
94305

99095

84399
94086
94200
94210
94220
94230
94240
94251
94260
94270
94280
94305

99095

84401
94086
94200
94210
94220
94230
94240
94251
94260
94270
94280
94305

99095

01681
02677
03685
04683
05668
06679
07669
08683
09682
10681
11683
12670
13687
14690
15669
16680
17690
18678
19669
20676
21680
22681
23691
24669
74015
74115
74220
74320
84400
94086
94200
94210
94220
94230
94240
94251
94260
94270
94280
94305

99095

84400
94086
94200
94210
94220
94230
94240
94251
94260
94270
94280
94305

99095

84400
94086
94200
94210
94220
94230
94240
94251
94260
94270
94280
94305

99095

84400
94086
94200
94210
94220
94230
94240
94251
94260
94270
94280
94305

99095

01681
02677
03685
04683
05668
06679
07669
08682
09682
10680
11683
12670
13687
14690
15669
16680
17690
18678
19670
20676
21680
22681
23691
24669
74015
74115
74220
74320
84400
94086
94200
94210
94220
94230
94240
94251
94260
94270
94280
94305

99095

84400
94086
94200
94210
94220
94230
94240
94251
94260
94270
94280
94305

99095

84400
94086
94200
94210
94220
94230
94240
94251
94260
94270
94280
94305

99095

01681
02677
03685
04683
05668
06679
07669
08683
09683
10680
11683
12670
13687
14690
15669
16680
17690
18678
19670
20676
21680
22681
23692
24669
74015
74115
74220
74320
84399
94086
94200
94210
94220
94230
94240
94251
94260
94270
94280
94305

99095

84400
94086
94200
94210
94220
94230
94240
94251
94260
94270
94280
94305

99095

84401
94086
94200
94210
94220
94230
94240
94251
94260
94270
94280
94305

99095

84400
94086
94200
94210
94220
94230
94240
94251
94260
94270
94280
94305

99095

01681
02677
03685
04683
05668
06679
07669
08683
09683
10680
11683
12671
13687
14690
15669
16680
17690
18678
19670
20676
21680
22681
23692
24669
74015
74115
74220
74320
84400
94086
94200
94210
94220
94230
94240
94251
94260
94270
94280
94305

99095

84398
94086
94200
94210
94220
94230
94240
94251
94260
94270
94280
94305

99095

84400
94086
94200
94210
94220
94230
94240
94251
94260
94270
94280
94305

99095

01681
02677
03685
04683
05668
06679
07669
08682
09682
10681
11683
12671
13687
14690
15669
16680
17690
18678
19670
20676
21680
22681
23692
24669
74015
74115
74220
74320
84400
94086
94200
94210
94220
94230
94240
94251
94260
94270
94280
94305

99095

84400
94086
94200
94210
94220
94230
94240
94251
94260
94270
94280
94305

99095

84399
94086
94200
94210
94220
94230
94240
94251
94260
94270
94280
94305

99095

84401
94086
94200
94210
94220
94230
94240
94251
94260
94270
94280
94305

99095

01681
02677
03685
04683
05668
06679
07669
08683
09682
10680
11683
12671
13688
14690
15669
16680
17690
18678
19670
20676
21680
22681
23692
24669
74015
74115
74220
74320
84400
94086
94200
94210
94220
94230
94240
94251
94260
94270
94280
94305

99095

84400
94086
94200
94210
94220
94230
94240
94251
94260
94270
94280
94305

99095

84399
94086
94200
94210
94220
94230
94240
94251
94260
94270
94280
94305

99095

01681
02677
03684
04682
05668
06678
07669
08682
09682
10680
11682
12670
13687
14690
15669
16679
17690
18677
19669
20676
21680
22681
23691
24669
74015
74115
74220
74320
84407
94086
94200
94210
94220
94230
94240
94251
94260
94270
94280
94305

99095

84404
94086
94200
94210
94220
94230
94240
94251
94260
94270
94280
94305

99095

84407
94086
94200
94210
94220
94230
94240
94251
94260
94270
94280
94305

99095

84404
94086
94200
94210
94220
94230
94240
94251
94260
94270
94280
94305

99095

01681
02677
03684
04682
05668
06678
07669
08682
09682
10680
11682
12670
13687
14690
15669
16679
17690
18677
19669
20675
21680
22681
23691
24669
74015
74115
74220
74320
84403
94086
94200
94210
94220
94230
94240
94251
94260
94270
94280
94305

99095

84402
94086
94200
94210
94220
94230
94240
94251
94260
94270
94280
94305

99095

84402
94086
94200
94210
94220
94230
94240
94251
94260
94270
94280
94305

99095

01681
02677
03684
04682
05668
06678
07669
08682
09682
10680
11683
12670
13687
14690
15669
16679
17690
18677
19669
20676
21680
22681
23691
24669
74015
74115
74220
74320
84403
94086
94200
94210
94220
94230
94240
94251
94260
94270
94280
94305

99095

84403
94086
94200
94210
94220
94230
94240
94251
94260
94270
94280
94305

99095

84403
94086
94200
94210
94220
94230
94240
94251
94260
94270
94280
94305

99095

84402
94086
94200
94210
94220
94230
94240
94251
94260
94270
94280
94305

99095

01681
02677
03684
04682
05668
06678
07669
08682
09682
10680
11683
12670
74015
74115
74220
74320
84402
94086
94200
94210
94220
94230
94240
94251
94260
94270
94280
94305

99095

84403
94086
94200
94210
94220
94230
94240
94251
94260
94270
94280
94305

99095

84403
94086
94200
94210
94220
94230
94240
94251
94260
94270
94280
94305

99095

84403
94086
94200
94210
94220
94230
94240
94251
94260
94270
94280
94305

99095

01681
02677
03684
04682
05668
06678
07669
08682
09682
10680
11683
12670
13687
14690
15669
16679
17690
18677
19669
20676
21680
22681
23691
24669
74015
74115
74220
74320
84403
94086
94200
94210
94220
94230
94240
94251
94260
94270
94280
94305

99095

84402
94086
94200
94210
94220
94230
94240
94251
94260
94270
94280
94305

99095

84403
94086
94200
94210
94220
94230
94240
94251
94260
94270
94280
94305

99095

84403
94086
94200
94210
94220
94230
94240
94251
94260
94270
94280
94305

99095

01680
02677
03684
04682
05668
06678
07669
08682
09682
10680
11683
12670
13687
14690
15669
16679
17690
18677
19669
20676
21680
22681
23691
24669
74015
74115
74220
74320
84400
94086
94200
94210
94220
94230
94240
94251
94260
94270
94280
94305

99095

84401
94086
94200
94210
94220
94230
94240
94251
94260
94270
94280
94305

99095

84401
94086
94200
94210
94220
94230
94240
94251
94260
94270
94280
94305

99095

01681
02677
03685
04683
05668
06678
07669
08682
09682
10680
11683
12670
13687
14690
15669
16680
17690
18678
19669
20676
21680
22681
23691
24669
74015
74115
74220
74320
84400
94086
94200
94210
94220
94230
94240
94251
94260
94270
94280
94305

99095

84400
94086
94200
94210
94220
94230
94240
94251
94260
94270
94280
94305

99095

84400
94086
94200
94210
94220
94230
94240
94251
94260
94270
94280
94305

99095

84400
94086
94200
94210
94220
94230
94240
94251
94260
94270
94280
94305

99095

01681
02677
03685
04683
05668
06679
07669
08683
09682
10680
11683
12670
13687
14690
15669
16680
17690
18678
19670
20676
21680
22681
23691
24669
74015
74115
74220
74320
84400
94086
94200
94210
94220
94230
94240
94251
94260
94270
94280
94305

99095

84400
94086
94200
94210
94220
94230
94240
94251
94260
94270
94280
94305

99095

84400
94086
94200
94210
94220
94230
94240
94251
94260
94270
94280
94305

99095

01681
02678
03685
04683
05668
06679
07669
08682
09682
10680
11683
12670
13687
14690
15669
16680
17690
18678
19670
20676
21680
22681
23691
24669
74015
74115
74220
74320
84400
94086
94200
94210
94220
94230
94240
94251
94260
94270
94280
94305

99095

84400
94086
94200
94210
94220
94230
94240
94251
94260
94270
94280
94305

99095

84400
94086
94200
94210
94220
94230
94240
94251
94260
94270
94280
94305

99095

84400
94086
94200
94210
94220
94230
94240
94251
94260
94270
94280
94305

99095

01681
02678
03685
04683
05668
06679
07669
08682
09682
10681
11683
12670
13687
14690
15669
16680
17690
18678
19670
20676
21680
22681
23691
24669
74015
74115
74220
74320
84400
94086
94200
94210
94220
94230
94240
94251
94260
94270
94280
94305

99095

84399
94086
94200
94210
94220
94230
94240
94251
94260
94270
94280
94305

99095

84401
94086
94200
94210
94220
94230
94240
94251
94260
94270
94280
94305

99095

01681
02677
03685
04683
05668
06679
07669
08682
09682
10681
11683
12671
13687
14690
15669
16680
17690
18678
19670
20676
21680
22681
23692
24669
74015
74115
74220
74320
84400
94086
94200
94210
94220
94230
94240
94251
94260
94270
94280
94305

99095

84400
94086
94200
94210
94220
94230
94240
94251
94260
94270
94280
94305

99095

84400
94086
94200
94210
94220
94230
94240
94251
94260
94270
94280
94305

99095

84400
94086
94200
94210
94220
94230
94240
94251
94260
94270
94280
94305

99095

01681
02677
03685
04683
05668
06679
07669
08683
09682
10680
11683
12670
13687
14690
15669
16680
17690
18678
19670
20676
21680
22681
23691
24669
74015
74115
74220
74320
84400
94086
94200
94210
94220
94230
94240
94251
94260
94270
94280
94305

99095

84399
94086
94200
94210
94220
94230
94240
94251
94260
94270
94280
94305

99095

84400
94086
94200
94210
94220
94230
94240
94251
94260
94270
94280
94305

99095

01681
02677
03685
04683
05668
06679
07669
08683
09682
10680
11683
12670
13687
14690
15669
16680
17690
18678
19670
20676
21680
22681
23691
24669
74015
74115
74220
74320
84404
94086
94200
94210
94220
94230
94240
94251
94260
94270
94280
94305

99095

84410
94086
94200
94210
94220
94230
94240
94251
94260
94270
94280
94305

99095

84420
94086
94200
94210
94220
94230
94240
94251
94260
94270
94280
94305

99095

84429
94086
94200
94210
94220
94230
94240
94251
94260
94270
94280
94305

99095

01675
02671
03678
04677
05662
06672
07663
08676
09676
10674
11674
12665
74015
74115
74220
74320
84482
94086
94200
94210
94220
94230
94240
94251
94260
94270
94280
94305

99095

84492
94086
94200
94210
94220
94230
94240
94251
94260
94270
94280
94305

99095

84458
94086
94200
94210
94220
94230
94240
94251
94260
94270
94280
94305

99095

84441
94086
94200
94210
94220
94230
94240
94251
94260
94270
94280
94305

99095

01677
02673
03680
04678
05665
06675
07666
08678
09678
10676
11678
12667
13682
14685
15666
16675
17685
18671
19666
20672
21676
22677
23686
24666
74015
74115
74220
74320
84393
94086
94200
94210
94220
94230
94240
94251
94260
94270
94280
94305

99095

84397
94086
94200
94210
94220
94230
94240
94251
94260
94270
94280
94305

99095

84400
94086
94200
94210
94220
94230
94240
94251
94260
94270
94280
94305

99095

84403
94086
94200
94210
94220
94230
94240
94251
94260
94270
94280
94305

99095

01679
02676
03683
04681
05667
06677
07668
08681
09681
10679
11681
12669
13685
14688
15668
16678
17688
18676
19669
20675
21679
22679
23689
24668
74015
74115
74220
74320
84403
94086
94200
94210
94220
94230
94240
94251
94260
94270
94280
94305

99095

84404
94086
94200
94210
94220
94230
94240
94251
94260
94270
94280
94305

99095

84403
94086
94200
94210
94220
94230
94240
94251
94260
94270
94280
94305

99095

01679
02676
03683
04681
05667
06677
07668
08681
09681
10679
11682
12669
13685
14688
15668
16678
17689
18677
19669
20675
21679
22680
23690
24668
74015
74115
74220
74320
84402
94086
94200
94210
94220
94230
94240
94251
94260
94270
94280
94305

99095

84403
94086
94200
94210
94220
94230
94240
94251
94260
94270
94280
94305

99095

84403
94086
94200
94210
94220
94230
94240
94251
94260
94270
94280
94305

99095

84403
94086
94200
94210
94220
94230
94240
94251
94260
94270
94280
94305

99095

01680
02676
03684
04681
05667
06678
07668
08681
09681
10679
11681
12669
13686
14688
15668
16678
17689
18677
19669
20675
21679
22680
23690
24668
74015
74115
74220
74320
84403
94086
94200
94210
94220
94230
94240
94251
94260
94270
94280
94305

99095

84403
94086
94200
94210
94220
94230
94240
94251
94260
94270
94280
94305

99095

84403
94086
94200
94210
94220
94230
94240
94251
94260
94270
94280
94305

99095

01680
02676
03684
04681
05667
06678
07668
08681
09681
10679
11681
12670
13686
14688
15668
16679
17689
18676
19669
20675
21679
22680
23690
24668
74015
74115
74220
74320
84404
94086
94200
94210
94220
94230
94240
94251
94260
94270
94280
94305

99095

84404
94086
94200
94210
94220
94230
94240
94251
94260
94270
94280
94305

99095

84403
94086
94200
94210
94220
94230
94240
94251
94260
94270
94280
94305

99095

84403
94086
94200
94210
94220
94230
94240
94251
94260
94270
94280
94305

99095

01680
02676
03684
04681
05668
06678
07668
08681
09681
10679
11682
12669
13686
14688
15668
16679
17689
18676
19669
20675
21679
22680
23690
24668
74015
74115
74220
74320
84401
94086
94200
94210
94220
94230
94240
94251
94260
94270
94280
94305

99095

84401
94086
94200
94210
94220
94230
94240
94251
94260
94270
94280
94305

99095

84400
94086
94200
94210
94220
94230
94240
94251
94260
94270
94280
94305

99095

01680
02677
03684
04681
05668
06678
07669
08682
09681
10680
11682
12670
13686
14689
15669
16679
17689
18677
19669
20675
21679
22680
23690
24669
74015
74115
74220
74320
84401
94086
94200
94210
94220
94230
94240
94251
94260
94270
94280
94305

99095

84400
94086
94200
94210
94220
94230
94240
94251
94260
94270
94280
94305

99095

84400
94086
94200
94210
94220
94230
94240
94251
94260
94270
94280
94305

99095

84401
94086
94200
94210
94220
94230
94240
94251
94260
94270
94280
94305

99095

01680
02677
03684
04682
05668
06678
07669
08682
09681
10680
11682
12670
13686
14689
15669
16679
17689
18677
19669
20675
21679
22680
23690
24669
74015
74115
74220
74320
84400
94086
94200
94210
94220
94230
94240
94251
94260
94270
94280
94305

99095

84400
94086
94200
94210
94220
94230
94240
94251
94260
94270
94280
94305

99095

84400
94086
94200
94210
94220
94230
94240
94251
94260
94270
94280
94305

99095

01680
02677
03684
04682
05668
06678
07669
08682
09681
10680
11682
12670
13686
14689
15669
16679
17690
18677
19669
20676
21679
22680
23690
24669
74015
74115
74220
74320
84400
94086
94200
94210
94220
94230
94240
94251
94260
94270
94280
94305

99095

84399
94086
94200
94210
94220
94230
94240
94251
94260
94270
94280
94305

99095

84400
94086
94200
94210
94220
94230
94240
94251
94260
94270
94280
94305

99095

84400
94086
94200
94210
94220
94230
94240
94251
94260
94270
94280
94305

99095

01680
02677
03684
04682
05668
06678
07669
08682
09682
10680
11683
12670
13686
14689
15669
16679
17690
18677
19669
20676
21680
22680
23690
24669
74015
74115
74220
74320
84400
94086
94200
94210
94220
94230
94240
94251
94260
94270
94280
94305

99095

84400
94086
94200
94210
94220
94230
94240
94251
94260
94270
94280
94305

99095

84400
94086
94200
94210
94220
94230
94240
94251
94260
94270
94280
94305

99095

01680
02677
03684
04682
05668
06678
07669
08682
09682
10680
11682
12670
13686
14689
15669
16679
17690
18678
19669
20676
21680
22681
23690
24669
74015
74115
74220
74320
84400
94086
94200
94210
94220
94230
94240
94251
94260
94270
94280
94305

99095

84400
94086
94200
94210
94220
94230
94240
94251
94260
94270
94280
94305

99095

84401
94086
94200
94210
94220
94230
94240
94251
94260
94270
94280
94305

99095

84400
94086
94200
94210
94220
94230
94240
94251
94260
94270
94280
94305

99095

01680
02677
03684
04682
05668
06678
07669
08682
09682
10680
11683
12670
13686
14689
15669
16679
17690
18678
19669
20675
21679
22681
23690
24669
74015
74115
74220
74320
84400
94086
94200
94210
94220
94230
94240
94251
94260
94270
94280
94305

99095

84401
94086
94200
94210
94220
94230
94240
94251
94260
94270
94280
94305

99095

84401
94086
94200
94210
94220
94230
94240
94251
94260
94270
94280
94305

99095

01681
02677
03684
04682
05668
06678
07669
08682
09682
10680
11683
12670
13686
14689
15669
16679
17690
18678
19669
20676
21680
22681
23690
24669
74015
74115
74220
74320
84401
94086
94200
94210
94220
94230
94240
94251
94260
94270
94280
94305

99095

84400
94086
94200
94210
94220
94230
94240
94251
94260
94270
94280
94305

99095

84400
94086
94200
94210
94220
94230
94240
94251
94260
94270
94280
94305

99095

84399
94086
94200
94210
94220
94230
94240
94251
94260
94270
94280
94305

99095

01680
02677
03684
04682
05668
06678
07669
08682
09681
10680
11683
12670
13686
14689
15669
16679
17690
18677
19669
20675
21680
22681
23690
24669
74015
74115
74220
74320
84401
94086
94200
94210
94220
94230
94240
94251
94260
94270
94280
94305

99095

84401
94086
94200
94210
94220
94230
94240
94251
94260
94270
94280
94305

99095

84401
94086
94200
94210
94220
94230
94240
94251
94260
94270
94280
94305

99095

01680
02677
03684
04682
05668
06678
07669
08682
09682
10680
11683
12670
13686
14689
15669
16679
17690
18677
19669
20676
21680
22681
23691
24669
74015
74115
74220
74320
84400
94086
94200
94210
94220
94230
94240
94251
94260
94270
94280
94305

99095

84404
94086
94200
94210
94220
94230
94240
94251
94260
94270
94280
94305

99095

84404
94086
94200
94210
94220
94230
94240
94251
94260
94270
94280
94305

99095

84408
94086
94200
94210
94220
94230
94240
94251
94260
94270
94280
94305

99095

01678
02675
03682
04680
05666
06676
07667
08680
09679
10678
11679
12668
74015
74115
74220
74320
84437
94086
94200
94210
94220
94230
94240
94251
94260
94270
94280
94305

99095

84459
94086
94200
94210
94220
94230
94240
94251
94260
94270
94280
94305

99095

84485
94086
94200
94210
94220
94230
94240
94251
94260
94270
94280
94305

99095

84494
94086
94200
94210
94220
94230
94240
94251
94260
94270
94280
94305

99095

01672
02669
03675
04673
05660
06669
07661
08673
09673
10672
11671
12663
74015
74115
74220
74320
84418
94086
94200
94210
94220
94230
94240
94251
94260
94270
94280
94305

99095

84389
94086
94200
94210
94220
94230
94240
94251
94260
94270
94280
94305

99095

84383
94086
94200
94210
94220
94230
94240
94251
94260
94270
94280
94305

99095

84390
94086
94200
94210
94220
94230
94240
94251
94260
94270
94280
94305

99095

01680
02677
03684
04681
05668
06678
07669
08682
09681
10680
11683
12670
74015
74115
74220
74320
84399
94086
94200
94210
94220
94230
94240
94251
94260
94270
94280
94305

99095

84402
94086
94200
94210
94220
94230
94240
94251
94260
94270
94280
94305

99095

84402
94086
94200
94210
94220
94230
94240
94251
94260
94270
94280
94305

99095

84404
94086
94200
94210
94220
94230
94240
94251
94260
94270
94280
94305

99095

01679
02676
03683
04681
05667
06677
07668
08681
09680
10679
11681
12669
13685
14687
15668
16678
17688
18676
19669
20675
21678
22679
23689
24668
74015
74115
74220
74320
84403
94086
94200
94210
94220
94230
94240
94251
94260
94270
94280
94305

99095

84402
94086
94200
94210
94220
94230
94240
94251
94260
94270
94280
94305

99095

84402
94086
94200
94210
94220
94230
94240
94251
94260
94270
94280
94305

99095

84403
94086
94200
94210
94220
94230
94240
94251
94260
94270
94280
94305

99095

01679
02676
03683
04681
05667
06677
07668
08681
09680
10679
11681
12669
13685
14688
15668
16678
17688
18676
19669
20675
21678
22679
23689
24668
74015
74115
74220
74320
84403
94086
94200
94210
94220
94230
94240
94251
94260
94270
94280
94305

99095

84404
94086
94200
94210
94220
94230
94240
94251
94260
94270
94280
94305

99095

84403
94086
94200
94210
94220
94230
94240
94251
94260
94270
94280
94305

99095

01679
02676
03683
04681
05667
06677
07668
08681
09680
10679
11681
12669
13685
14688
15668
16678
17688
18676
19669
20675
21678
22679
23689
24668
74015
74115
74220
74320
84403
94086
94200
94210
94220
94230
94240
94251
94260
94270
94280
94305

99095

84404
94086
94200
94210
94220
94230
94240
94251
94260
94270
94280
94305

99095

84403
94086
94200
94210
94220
94230
94240
94251
94260
94270
94280
94305

99095

84403
94086
94200
94210
94220
94230
94240
94251
94260
94270
94280
94305

99095

01679
02676
03683
04681
05667
06677
07668
08681
09681
10679
11681
12669
13685
14688
15668
16678
17688
18676
19669
20675
21678
22679
23689
24668
74015
74115
74220
74320
84403
94086
94200
94210
94220
94230
94240
94251
94260
94270
94280
94305

99095

84401
94086
94200
94210
94220
94230
94240
94251
94260
94270
94280
94305

99095

84402
94086
94200
94210
94220
94230
94240
94251
94260
94270
94280
94305

99095

01679
02676
03684
04681
05668
06678
07668
08681
09681
10679
11682
12669
13685
14688
15668
16678
17688
18677
19669
20675
21679
22680
23689
24668
74015
74115
74220
74320
84400
94086
94200
94210
94220
94230
94240
94251
94260
94270
94280
94305

99095

84399
94086
94200
94210
94220
94230
94240
94251
94260
94270
94280
94305

99095

84400
94086
94200
94210
94220
94230
94240
94251
94260
94270
94280
94305

99095

84400
94086
94200
94210
94220
94230
94240
94251
94260
94270
94280
94305

99095

01680
02677
03684
04681
05668
06678
07669
08681
09681
10679
11682
12670
13685
14688
15669
16679
17689
18677
19669
20675
21679
22680
23690
24669
74015
74115
74220
74320
84400
94086
94200
94210
94220
94230
94240
94251
94260
94270
94280
94305

99095

84400
94086
94200
94210
94220
94230
94240
94251
94260
94270
94280
94305

99095

84400
94086
94200
94210
94220
94230
94240
94251
94260
94270
94280
94305

99095

01680
02676
03684
04681
05668
06678
07669
08681
